1
13
26
32
49
53
56
60
74
75
82
86
87
103
117
119
127
129
138
146
156
157
158
161
164
172
174
175
179
185
189
205
222
224
225
236
239
283
288
289
292
295
301
306
309
311
340
342
343
345
349
352
355
361
362
365
375
378
382
390
428
439
448
468
493
499
501
508
511
515
517
527
530
538
550
559
565
572
579
588
606
607
688
694
703
714
723
743
745
754
756
761
764
767
777
783
789
792
801
802
805
807
808
809
812
814
821
822
828
832
835
836
837
838
839
840
842
860
869
883
887
901
902
903
905
906
949
952
954
955
957
958
960
961
964
965
966
968
970
975
976
978
980
982
984
986
988
990
991
994
995
996
1000
1005
1009
1017
1024
1027
1028
1040
1044
1046
1051
1057
1060
1069
1070
1083
1086
1090
1100
1106
1110
1115
1116
1117
1121
1127
1129
1130
1135
1138
1142
1148
1154
1158
1162
1164
1170
1173
1176
1197
1198
1200
1201
1204
1207
1214
1215
1216
1217
1219
1220
1222
1223
1224
1228
1229
1232
1233
1234
1235
1237
1238
1239
1240
1241
1242
1244
1246
1247
1248
1250
1252
1254
1319
1341
1364
1372
1373
1380
1391
1396
1397
1412
1413
1415
1422
1425
1426
1432
1436
1438
1462
1464
1465
1475
1510
1513
1522
1542
1552
1564
1586
1590
1595
1599
1600
1606
1610
1647
1648
1697
1702
1706
1716
1721
1726
1737
1742
1746
1748
1751
1761
1817
1826
1828
1831
1835
1841
1848
1860
1862
1863
1865
1867
1868
1889
1896
1897
1900
1914
1915
1918
1919
1920
1921
1922
1923
1928
1936
1939
1955
1962
1965
1968
1971
1973
1978
1982
1986
1991
1994
1998
2012
2017
2019
2021
2023
2025
2031
2036
2040
2041
2045
2052
2054
2058
2063
2065
2074
2078
2080
2081
2089
2096
2097
2110
2131
2132
2150
2156
2157
2159
2160
2163
2166
2167
2170
2184
2287
2294
2320
2321
2323
2334
2338
2341
2343
2347
2348
2358
2377
2380
2388
2390
2392
2396
2399
2404
2406
2408
2425
2526
2580
2597
2601
2604
2610
2617
2644
2657
2659
2663
2666
2667
2668
2669
2674
2677
2678
2684
2685
2686
2692
2694
2696
2697
2701
2712
2725
2740
2741
2742
2743
2745
2747
2749
2755
2765
2774
2775
2778
2780
2800
2806
2812
2816
2831
2832
2834
2836
2847
2850
2851
2854
2858
2864
2878
2880
2883
2891
2893
2895
2902
2903
2906
2908
2913
2925
2926
2930
2940
2946
2949
2952
2953
2955
2957
2959
2962
2964
2965
2976
2984
2991
3011
3012
3029
3038
3040
3050
3052
3071
3072
3076
3084
3092
3095
3097
3122
3123
3126
3127
3128
3133
3134
3137
3138
3142
3146
3153
3154
3156
3161
3171
3177
3179
3184
3185
3186
3187
3190
3193
3194
3199
3230
3232
3234
3240
3248
3253
3255
3257
3258
3262
3263
3268
3271
3276
3282
3289
3293
3294
3305
3309
3330
3331
3332
3333
3335
3337
3340
3344
3354
3357
3364
3378
3379
3419
3420
3422
3428
3440
3441
3442
3443
3444
3450
3457
3459
3460
3461
3463
3477
3485
3488
3489
3491
3492
3495
3502
3506
3507
3517
3521
3526
3530
3534
3539
3544
3547
3549
3554
3560
3582
3583
3586
3589
3593
3598
3600
3601
3602
3604
3605
3610
3612
3624
3629
3635
3640
3644
3656
3670
3672
3675
3678
3682
3686
3689
3704
3709
3710
3711
3712
3717
3719
3728
3735
3737
3739
3741
3744
3749
3750
3805
3806
3809
3810
3812
3816
3818
3832
3833
3845
3854
3855
3857
3859
3861
3879
3882
3889
3896
3907
3914
3915
3916
3917
3918
3927
3937
3945
3951
3958
3959
3994
4012
4014
4019
4034
4040
4041
4055
4056
4057
4060
4067
4074
4079
4083
4090
4093
4096
4101
4102
4107
4108
4191
4202
4205
4207
4211
4216
4218
4220
4221
4222
4226
4228
4229
4230
4231
4232
4235
4246
4252
4255
4270
4272
4278
4279
4291
4300
4304
4311
4328
4333
4346
4357
4359
4372
4379
4380
4399
4400
4405
4410
4435
4441
4448
4452
4455
4464
4476
4488
4505
4516
4517
4518
4519
4530
4533
4538
4554
4559
4568
4570
4574
4587
4598
4616
4618
4622
4625
4644
4655
4664
4668
4671
4680
4681
4683
4684
4686
4687
4698
4712
4715
4802
4805
4815
4817
4820
4823
4826
4827
4828
4833
4841
4847
4855
4859
4880
4895
4896
4902
4909
4916
4924
4925
4975
5004
5104
5108
5113
5116
5159
5174
5241
5243
5255
5265
5267
5270
5302
5424
5426
5428
5431
5436
5438
5444
5445
5451
5455
5459
5472
5479
5488
5489
5494
5502
5528
5532
5538
5574
5601
5603
5607
5619
5623
5813
5830
5834
5835
5838
5841
5845
5864
5908
5910
5911
5913
5914
5915
5925
5936
5937
5974
6053
6069
6146
6174
7036
10872
11116
11130
11146
11178
12132
12142
12157
12164
12170
12195
12222
12257
12262
12267
13020
13029
13047
13053
13055
13079
13104
13107
13117
13138
13140
13145
13171
13185
13191
13195
13205
13214
13218
13219
14032
14049
14060
15083
15091
15092
15123
15126
15130
15144
15149
15171
15177
15180
15181
15196
15198
16038
16043
16075
16077
16086
16098
16115
17012
17032
17117
17119
17137
17170
17184
17204
17220
17228
17248
17268
17270
17274
17315
17327
17353
17356
17376
17387
17395
17450
17451
17452
17462
17469
17471
17481
17490
17500
17529
17558
17580
17675
17686
17690
17692
17709
17717
17719
17720
17752
17813
17820
17850
17854
17866
17878
17879
17886
17892
17895
17902
17905
17947
17948
17949
17958
17959
17981
17982
17983
17986
17987
17996
17997
18008
18011
18022
18023
18026
18034
18035
18036
18037
18038
18074
18106
18126
18144
18147
18164
18210
18219
18226
18232
18247
18250
18292
18294
18315
18330
18333
18345
18352
18391
18400
18401
18403
18405
18423
18428
18431
18447
18459
18505
18507
18508
18509
18534
18541
18552
18557
18563
18570
18571
18583
18617
18622
18623
18625
18626
18628
18630
18635
18639
18640
18644
18650
18651
18653
18654
18656
18824
18841
18842
18972
19083
19092
19093
19142
19182
19205
19242
19247
19248
19284
19287
19291
19342
19421
19444
19663
19704
19806
19841
19845
19981
20122
20261
20282
20303
20321
20342
20353
20382
20383
20385
20390
20403
20429
20445
20447
20504
20541
20544
21242
21281
21481
21483
21501
21633
21643
21651
21661
21663
21672
21675
21805
21833
21941
21990
21991
22029
22031
22101
22124
22146
22325
22442
22444
22445
22447
22453
22454
22461
22463
22465
22466
22471
22472
22509
22536
22540
22545
22547
22549
22557
22558
22565
22574
22587
22689
22690
22713
22739
22764
22773
22774
22795
22800
22801
22804
22810
22813
22814
22815
22816
22820
22834
22835
22838
22842
23211
23284
23627
23861
23963
24054
24060
24104
24116
24227
24256
24353
24405
24407
24419
24421
24428
24431
24439
24443
24445
24458
24462
24464
24465
24523
24536
24557
24561
24581
24603
24604
24605
24613
24621
24637
24653
24654
24655
24656
24657
24659
24666
24671
24696
24697
24699
24700
24701
24709
24710
24725
24734
24763
24765
24771
24778
24787
24802
24804
24810
24829
24857
24895
24909
24911
24912
24914
24932
24933
24934
24939
24948
25028
25029
25030
25033
25038
25042
25047
25048
25051
25058
25059
25079
25094
25118
25120
25121
25141
25144
25160
25161
25168
25173
25176
25180
25182
25184
25191
25192
25194
25195
25311
25352
25391
25615
25691
25751
25855
25942
25943
25948
26060
26061
26074
26076
26077
26088
26091
26175
26219
26233
26238
26253
26259
26268
26272
26273
26478
26480
26519
26708
26742
26760
26858
26959
26982
27025
27027
27040
27041
27042
27047
27053
27123
27363
27479
27486
27487
27495
27503
27518
27689
27762
27763
27910
27927
28328
28337
28364
28619
28621
28650
28651
28800
29014
29015
29109
29116
29117
29253
29255
29257
29303
29365
29388
29392
29427
29432
29467
29490
29523
29566
29577
29578
29585
29587
29588
29591
29596
29619
29635
29652
29655
29677
29685
29686
29696
29705
29709
29710
29714
29719
29728
29736
29740
29747
29751
29756
29764
29769
29773
29777
29784
29796
29800
29803
29805
29808
30817
31852
31863
31884
31888
31892
31905
31906
31908
31963
32844
32847
32851
32864
32934
32952
32986
33295
33469
33482
33503
33544
33596
33635
33735
33795
33817
33818
34072
34122
34163
34239
34240
34280
34916
36395
36542
36545
36638
36655
36679
36837
36876
36981
37156
37236
37554
37849
37896
37983
37999
38713
38847
